 -0.00203169763424125  0.02452233871864545  0.03173622752265377  0.03851734053344495
  0.04618661785164936  0.05413748219746736  0.06137875807220156  0.06859312705321502
  0.07588380671467164  0.08325919577635743  0.09083703736842871  0.09847088653534579
  0.10592589685476340  0.11319968076617806  0.12070671835004404  0.12851249653122854
  0.13644305847922206  0.14442901398470814  0.15218548895013592  0.15991324891685438
  0.16778552576018374  0.17577179221120556  0.18375686184531481  0.19188131304023590
  0.20008698936933017  0.20836840600025477  0.21660816502248773  0.22507467981307139
  0.23364651653906773  0.24216673759979196  0.25069144414506905  0.25921805651306895
  0.26798888736977072  0.27698483567486720  0.28602013277473370  0.29508492806827830
  0.30416357198102711  0.31347331377639687  0.32303493195774913  0.33257630249885695
  0.34210116336714558  0.35157928443021347  0.36113180637735876  0.37093248919169669
  0.38126705691414914  0.39154378862160000  0.40185480607862784  0.41217427110046700
  0.42253562180998988  0.43299022510671403  0.44371508290136091  0.45433759204261775
  0.46488316109247002  0.47550294490047579  0.48614754415331768  0.49690910342881134
  0.50767137330374634  0.51901163149777074  0.53042637753419875  0.54175580248519295
  0.55309347737637127  0.56427713442749239  0.57550414420930052  0.58662547056998560
  0.59775812910263459  0.60913696248184956  0.62078455983193170  0.63245062504320182
  0.64401857977291965  0.65557625118755791  0.66714244285622859  0.67860800534417276
  0.68995638067981491  0.70121218156891307  0.71283954753466772  0.72511904462714349
  0.73814034503787984  0.75059318362876948  0.76270990707059994  0.77473723018533358
  0.78673687759601285  0.79874759460057887  0.81092449920062348  0.82325059186522176
  0.83531052658153027  0.84798952836462660  0.86127781517373503  0.87492927469279269
  0.88860354422177601  0.90237797334258885  0.91633773092135307  0.93090351051676135
  0.94556128988019472  0.95852363676009933  0.96763000854401982  1.00000000000000000
 -0.00220298359092309  0.00889719230933457  0.01852666865459252  0.02847101549477840
  0.03860159032689869  0.04927414179070660  0.06009168234434495  0.07076783282249599
  0.08132986432286908  0.09217195225675766  0.10302984622693373  0.11321640841308969
  0.12350943009381449  0.13401645541417687  0.14475498650009455  0.15563136230145611
  0.16635395450881943  0.17734274081281912  0.18816624790738662  0.19866923599188516
  0.20917437902793601  0.21973022356869013  0.23041582438303104  0.24101242667257031
  0.25165114808280437  0.26248109241312667  0.27342299873692277  0.28446403663683734
  0.29547533102129703  0.30619516112335465  0.31655430733603201  0.32667493763493133
  0.33692784622894545  0.34719102237344956  0.35775257239182340  0.36825658561653579
  0.37871790997226712  0.38907597826583012  0.39951252600038856  0.40999509529410849
  0.42048128117636646  0.43084397435937127  0.44123085831300746  0.45186266632304545
  0.46248408282662573  0.47284625916956291  0.48320672941011261  0.49368187113240969
  0.50412813014507663  0.51447129850864559  0.52503493956818781  0.53584103087532442
  0.54666313807889444  0.55734930546852357  0.56786717787993868  0.57821797172062528
  0.58837019386632128  0.59848071182331841  0.60848798256747150  0.61844620791493887
  0.62842492120628624  0.63860092643457345  0.64882562229108798  0.65932982534717000
  0.66993306111389161  0.68054884844846375  0.69084553322847153  0.70111553273616878
  0.71143175470060227  0.72221904351144894  0.73306332992963907  0.74397419300442391
  0.75497410528562281  0.76641658365339171  0.77791832330456689  0.78951078286152820
  0.80085416263968168  0.81209213103408640  0.82286729575846562  0.83383610648201179
  0.84504062544990100  0.85598301655218534  0.86681368865659969  0.87738629907711163
  0.88798919229186379  0.89858030813517442  0.90914011643629999  0.91928235601651520
  0.92950465418677120  0.93987702144996177  0.95049610298850340  0.96077212477980889
  0.97071389736913494  0.98064611306412153  0.99042588869739501  1.00000000000000000
  0.00217168670649884  0.00951929488672322  0.01541076944236431  0.02119113936701856
  0.02756926810539607  0.03355153344978266  0.03960986292157087  0.04584633250036717
  0.05224009472657486  0.05868056734646619  0.06510530592056503  0.07145157196270786
  0.07772188341493139  0.08401222944700110  0.09042161751706215  0.09682418376854850
  0.10322564655026920  0.10962991713963313  0.11601719147458726  0.12242580935618289
  0.12882177506816234  0.13525457621116449  0.14178618692378470  0.14833342227947266
  0.15490869004836127  0.16155134501929105  0.16829388117756564  0.17517791541871305
  0.18215556264305652  0.18920852780628442  0.19633968219995165  0.20342378664679769
  0.21043029546713921  0.21740820460848673  0.22444274821078478  0.23157662001371321
  0.23883903923247540  0.24609900135292012  0.25348561989029833  0.26108619742015909
  0.26869893096775560  0.27644219800973502  0.28418073660383858  0.29176921143775264
  0.29951554375825251  0.30726981188481672  0.31521219628470437  0.32331644932353654
  0.33152675944732962  0.33979440443056552  0.34817789993172954  0.35662593432644996
  0.36521393341554453  0.37390940614866530  0.38267281273546128  0.39144686277754542
  0.40031491396976188  0.40922672018763601  0.41824427402108122  0.42738658871693025
  0.43660318610817467  0.44592461730601834  0.45520890349091064  0.46461780841911837
  0.47412911025526855  0.48371887661581048  0.49326923447864063  0.50278032139155415
  0.51264694242138842  0.52242864209009321  0.53263765577602962  0.54280177074432356
  0.55341446154460783  0.56420913347266133  0.57550537545383107  0.58655174777997765
  0.59762654550090744  0.60897495315179750  0.62077338159016304  0.63267045396734511
  0.64443435302891239  0.65659735077276327  0.66936228375821361  0.68315822126386117
  0.69835985467312611  0.71463164825136127  0.73171421197522724  0.74796754006640875
  0.76443922661303576  0.78233342765251668  0.80252558578988331  0.82521885949142482
  0.85097813657776167  0.88283420769466681  0.92586620115743101  1.00000000000000000
 -0.01953569616229293  0.11083695671638326  0.14493589018920530  0.16604126109764802
  0.18349595765531734  0.19863123775775751  0.21176779925875922  0.22359962472256545
  0.23452223718557924  0.24481306736467440  0.25445941903231095  0.26368665428307297
  0.27260468969838864  0.28123117534046499  0.28967243979443741  0.29780780824291508
  0.30570031984220464  0.31341945864282095  0.32099726561383024  0.32849473770186971
  0.33581774741405551  0.34296320210754783  0.35005099299821713  0.35696481242423633
  0.36366047423912062  0.37021778964050633  0.37660361624137650  0.38286091886041124
  0.38906637075643075  0.39519703804150819  0.40121395260159687  0.40711702894353347
  0.41304303194791092  0.41894043082993981  0.42481374080281203  0.43063971874245133
  0.43639401781834314  0.44209748668933974  0.44776817606058195  0.45343015808137843
  0.45901847256020478  0.46452777850374083  0.47002383514765200  0.47552351693657696
  0.48100455469957470  0.48649913827623437  0.49197628604863758  0.49752686634926979
  0.50300410719069744  0.50855170470736288  0.51403992055392367  0.51953466577505014
  0.52499596977961049  0.53039441849517421  0.53573930418415960  0.54109513593282710
  0.54653417634740797  0.55206905474774315  0.55765744836555209  0.56325724534338151
  0.56882559669823185  0.57444897085335234  0.58012947296423856  0.58585289302573196
  0.59170050144347563  0.59754702229980683  0.60340461961484126  0.60928980410218514
  0.61518635236952213  0.62115210922524233  0.62726455543928150  0.63359187436627851
  0.64004814029121371  0.64661533009068795  0.65336401248921916  0.66018776154730341
  0.66716335493074419  0.67455045134562885  0.68211385215679232  0.68987089445364214
  0.69787767921347499  0.70601577423879847  0.71440783041936717  0.72318557627009117
  0.73252096510977593  0.74231573723158950  0.75246031446324801  0.76307550936618040
  0.77435885775331492  0.78654264094992177  0.79991655234163372  0.81508810334942161
  0.83261443017385728  0.85422535847747960  0.88934807268020166  1.00000000000000000
   4.1849274504900546E-005  -1.0000000000000000     
 T T T T T T T T T T T T T T T T T T T T T T T T T T T T T T T T
  <DiscreteSampler_grid>
  grouped_processes
  1 # 1 for a reference and 2 for a running grid.
  10 # Attribute 'min_bin_probing_points' of the grid.
  1 # Attribute 'grid_mode' of the grid. 1=='default',2=='initialization'
  0.0000000000000000 # Attribute 'small_contrib_threshold' of the grid.
  0.5000000000000000 # Attribute 'damping_power' of the grid.
 # binID   n_entries weight   weight_sqr   abs_weight
    10   10   2.601042636576639E+008   7.189552374673766E+016   2.601042636576639E+008
    11   10   2.601042636576637E+008   7.189552374673768E+016   2.601042636576637E+008
  </DiscreteSampler_grid>
