 -0.00195169560597364  0.04168043842511035  0.04998829938054015  0.05755211402774481
  0.06430326432162668  0.07062319912188582  0.07709804950962670  0.08356492541715031
  0.08975916250267107  0.09565469575714636  0.10149253974868988  0.10733971842466508
  0.11317210933778138  0.11917344511046141  0.12518320262457819  0.13102327240042141
  0.13680369714676974  0.14254520887409372  0.14846323536000408  0.15434502231998604
  0.16032957521554675  0.16632298465294415  0.17228457259051871  0.17823454283089407
  0.18419389768703998  0.19009709134293606  0.19585084919064713  0.20144482802632138
  0.20697199232054492  0.21250935245821267  0.21813017998761169  0.22400111419941146
  0.23013798095594909  0.23626641716142441  0.24240010019030145  0.24841100556910450
  0.25448163138668312  0.26086225555149811  0.26775717979790303  0.27481403187171866
  0.28187381673587331  0.28908651950705616  0.29639176148335156  0.30387947326084636
  0.31211905680880964  0.32119990154397837  0.33066596022354355  0.34051229332390442
  0.35080337049509902  0.36183227944562341  0.37522861987318595  0.39129487515486883
  0.40900601423364480  0.43280696099528715  0.47488177624561473  0.53305149946585983
  0.56929111081974437  0.59421192496581510  0.61216969174552327  0.62675121783093046
  0.64006973141869394  0.65243945151521610  0.66388243692393301  0.67489245289156652
  0.68553868354811265  0.69574871793527615  0.70559599904087777  0.71501714847439679
  0.72386499969046658  0.73249792145039583  0.74100166641448728  0.74938282377287413
  0.75764880151646419  0.76588620864141144  0.77409721462207215  0.78227327066913177
  0.79039829209969759  0.79847331607979821  0.80652568509854394  0.81470543758841185
  0.82312234802030659  0.83172135655671486  0.84042465346300976  0.84914163110415242
  0.85784636703382167  0.86690390744157131  0.87579946912055906  0.88489904131840680
  0.89446335245700981  0.90451514868901262  0.91485697088125750  0.92558852282255411
  0.93704188361593732  0.94798912646916855  0.96390043645641499  1.00000000000000000
 -0.00220405289345801  0.00920884473169727  0.01898707019113588  0.02957707535596590
  0.04036997303985931  0.05125904935512292  0.06183704883300419  0.07285199551294866
  0.08386708204743400  0.09449224810915380  0.10578694873935919  0.11727455165809497
  0.12841132070312544  0.13871203993048950  0.14917098108072691  0.15940028198871956
  0.16953465458767311  0.17962438730008379  0.18998532385738570  0.20100860039575419
  0.21184367938482657  0.22353998422136837  0.23498378946954582  0.24631769209660997
  0.25690275697894499  0.26707538661589725  0.27698788478976938  0.28711459631436836
  0.29747296360323616  0.30789461027961329  0.31814077032777766  0.32818125569619977
  0.33856551751654596  0.34950925243644843  0.36053066926271682  0.37105394255920593
  0.38109905976204694  0.39122231764133264  0.40138998863000530  0.41137185222958855
  0.42127415745410879  0.43133763856906288  0.44181099141643365  0.45275431931562743
  0.46340871365065101  0.47386372224145895  0.48441120545748884  0.49517276216472006
  0.50658181500681754  0.51751323131139348  0.52863487619409277  0.53976162103208591
  0.55075921832296870  0.56166000901709878  0.57272746270702035  0.58380841923581450
  0.59467962369161542  0.60530652121689921  0.61631567336973070  0.62738189662680333
  0.63833576184546281  0.64899271921465207  0.65944174157749902  0.67017516228624130
  0.68108699654562166  0.69196805878132905  0.70271364603407838  0.71330701042077649
  0.72376499160461794  0.73391520935269128  0.74400748123464833  0.75433813154804952
  0.76475282403591061  0.77481491329651797  0.78444235540705465  0.79417175632695947
  0.80397297615263441  0.81380025853413340  0.82350818993207908  0.83338530199030114
  0.84400193091105546  0.85485895759606378  0.86520794331311868  0.87530419489259104
  0.88549107252200820  0.89578038007341765  0.90577922446229475  0.91579577672862889
  0.92636959230527116  0.93732219933381511  0.94768579433521283  0.95794357165664945
  0.96816194512247800  0.97868634045032721  0.98933415566746719  1.00000000000000000
  0.00043259400393056  0.02239784328412338  0.04036066221706922  0.05341693896792870
  0.06381181109432464  0.07389320902694325  0.08411462077061381  0.09398990629611022
  0.10383964969400511  0.11408839598356475  0.12430445474208729  0.13383229413393263
  0.14263888800003383  0.15101189501716086  0.15936817830993441  0.16764168751054048
  0.17488479079601549  0.18204112027344721  0.18933580618633739  0.19675082202360894
  0.20410081367977281  0.21131474265760322  0.21853205050889984  0.22573252896193829
  0.23285818586399293  0.23993962954897088  0.24712412289900446  0.25441532281713342
  0.26162722749425588  0.26874803483229892  0.27598405327421155  0.28346698794214714
  0.29097065568219660  0.29873970295692653  0.30641693878748411  0.31391857357762037
  0.32144509468616761  0.32909613145011807  0.33691252203887445  0.34472725229179646
  0.35235725801058093  0.35971275589342439  0.36693588332140148  0.37436158497193411
  0.38186227573053783  0.38964016664359702  0.39736773137106390  0.40493417908597640
  0.41259727263571699  0.42051151694230993  0.42854186538727551  0.43656219652530659
  0.44456619721074037  0.45248681851610040  0.46044427508781210  0.46836583315196734
  0.47620208854711682  0.48399794933647933  0.49179267492328632  0.49959410900795570
  0.50700178226108938  0.51428398312974488  0.52167868739564738  0.52894507454281314
  0.53616516983995366  0.54327503573987868  0.55072102573490933  0.55827230292852759
  0.56591891131005734  0.57372136840191046  0.58154036831285583  0.58966816491626872
  0.59768187797606531  0.60576887471435925  0.61376115253144770  0.62169727225590810
  0.62978132430840283  0.63810310781740798  0.64675151659549324  0.65588948781869594
  0.66527090288643143  0.67497202564928283  0.68485842755983961  0.69494874878304158
  0.70551448603269873  0.71708342896986632  0.72946735060409273  0.74220691763587221
  0.75540841056785379  0.76957072473075616  0.78524135954904373  0.80407209355359366
  0.82670781099412882  0.85172247436925186  0.87982939108554670  1.00000000000000000
 -0.01885960411933393  0.10668348606952562  0.14178570555245473  0.16363254574288949
  0.18117412980865472  0.19596696327698065  0.20903228447109901  0.22121998901060902
  0.23234278562963298  0.24257621959074191  0.25247776692252416  0.26226915241108639
  0.27174935984523380  0.28085515687216656  0.28981064944704510  0.29841126806422558
  0.30690750763560531  0.31464865067034126  0.32199855587784482  0.32938937984090894
  0.33660205833876988  0.34356506397547248  0.35033347130349052  0.35686081743699971
  0.36319364347979749  0.36947843107788875  0.37587409807409938  0.38242489706864541
  0.38906031579063849  0.39529574291097730  0.40118128724146424  0.40695700636781307
  0.41281242233377319  0.41865914488612710  0.42446682525435053  0.43027546511073045
  0.43607697352222763  0.44174139017036779  0.44727083209449009  0.45288426731123094
  0.45854981351305635  0.46436959817119072  0.47012990277184807  0.47574831390381689
  0.48132219510178720  0.48679204111840185  0.49226321965305309  0.49782426034659799
  0.50329338728805473  0.50875212674940851  0.51420027715342709  0.51961121635086449
  0.52504261818941778  0.53051872840014791  0.53605764554537494  0.54171178600658298
  0.54760068171706389  0.55353896032774352  0.55932503593636251  0.56529491823083822
  0.57132903254940004  0.57741456010106840  0.58346759603599874  0.58940351453057782
  0.59528351935646739  0.60121987613557726  0.60721074265587860  0.61324104775974442
  0.61938768836416869  0.62565578153328405  0.63212383552907492  0.63867721324809423
  0.64524861977117620  0.65192855134423588  0.65882005658513110  0.66571519042054828
  0.67289960126501902  0.68024721227080120  0.68777636260389829  0.69583650790985507
  0.70408451769045954  0.71244209652557999  0.72106347569658236  0.73000341975924765
  0.73918627067379150  0.74859114690394335  0.75831995090098125  0.76868536699670076
  0.77958361231639273  0.79109898570566173  0.80372447712507222  0.81793687784894842
  0.83540849158520325  0.85850405217266446  0.89424136976384261  1.00000000000000000
   1.3773564396990456E-007  -1.0000000000000000     
 F T F F T T T T T T T T F F T F F F F F F F F F F F F F F F F F
  <DiscreteSampler_grid>
  grouped_processes
  1 # 1 for a reference and 2 for a running grid.
  10 # Attribute 'min_bin_probing_points' of the grid.
  1 # Attribute 'grid_mode' of the grid. 1=='default',2=='initialization'
  0.0000000000000000 # Attribute 'small_contrib_threshold' of the grid.
  0.5000000000000000 # Attribute 'damping_power' of the grid.
 # binID   n_entries weight   weight_sqr   abs_weight
    10   10   2.688059362126938E+007   7.374262345806508E+014   2.688059362126938E+007
  </DiscreteSampler_grid>
