 -0.00138489528812230  0.01994846194082198  0.02692416246830448  0.03261751345989400
  0.03854251257998469  0.04467783395658970  0.05095294084393427  0.05714004463262615
  0.06340513219430501  0.06948649901096038  0.07588665888592969  0.08226526675615402
  0.08884488578129993  0.09547119758900961  0.10213602735810350  0.10880184226831012
  0.11549774054907924  0.12226717017055028  0.12909493939746486  0.13619801310730584
  0.14362412397611535  0.15120693120647047  0.15872470982648143  0.16662205147011300
  0.17437466546715805  0.18216006320495987  0.19049306062662721  0.19906035484774487
  0.20764112530723833  0.21604861514953561  0.22468369116740608  0.23340908474748032
  0.24216162464879040  0.25099033200344611  0.26010495702631009  0.26955144566186362
  0.27911151077352725  0.28860814841513865  0.29800790301757818  0.30732656025499933
  0.31764716762921980  0.32791375297460512  0.33815648389479536  0.34841689238015211
  0.35878688537064057  0.36934345170096189  0.38013226017161239  0.39091379329978337
  0.40164766198989726  0.41236210644833471  0.42309330611838014  0.43404921323625839
  0.44530980996070224  0.45671191611507983  0.46814736848813732  0.47952270210726178
  0.49089313165983972  0.50219322627229634  0.51367696459820589  0.52547036082666054
  0.53742019278683295  0.54942196495011375  0.56155687827550704  0.57348607445692779
  0.58524701198561013  0.59701455391723990  0.60906297929248387  0.62141919349755059
  0.63385154008916123  0.64620554987955170  0.65856071955066220  0.67093489458618827
  0.68335723481953337  0.69548308583083618  0.70747097080803156  0.71970268313708530
  0.73216714122776894  0.74460963981751793  0.75683735221370496  0.76891846467988301
  0.78094947960744587  0.79294505387034075  0.80486899178542282  0.81682960831071061
  0.82895846720463018  0.84123409973690544  0.85376917315824463  0.86601944903035499
  0.87814383118533434  0.89022367282350345  0.90237608319424922  0.91503012114005788
  0.92785509049428638  0.94106595840188978  0.95439369017344167  1.00000000000000000
 -0.00207405982409883  0.00926662121331525  0.01919113510626529  0.02943207800940096
  0.03973656345060433  0.04987222186588075  0.05988420008040782  0.07016737701183935
  0.08034831067059807  0.09051737834898682  0.10057402542269518  0.11096416868403218
  0.12156267529159799  0.13236371233777097  0.14320721253927116  0.15397608957901610
  0.16482692705439794  0.17548726825208955  0.18637074630024955  0.19732166599246462
  0.20833502206945750  0.21909292258961702  0.22986796611387519  0.24078040136929085
  0.25151651340381742  0.26166292467292140  0.27179224177103417  0.28198964774112872
  0.29238757298264823  0.30265293365956786  0.31289590091779135  0.32325377882466444
  0.33375679067148961  0.34443051949311315  0.35493401415508191  0.36529524461305535
  0.37558654330258973  0.38588149672629873  0.39624904875121675  0.40670036909389440
  0.41713453344692492  0.42768476542130796  0.43834980026263765  0.44937567363055264
  0.46017026254525506  0.47036907357212937  0.48067264507591712  0.49089405614725062
  0.50087538606070625  0.51062809254048136  0.52070091661622264  0.53129415032299221
  0.54215410263108166  0.55276532029713676  0.56324070636045409  0.57376684111574849
  0.58417036824292867  0.59486729393832760  0.60589010172847346  0.61714876367362759
  0.62859214835165389  0.63959406541659869  0.65068234665565594  0.66113822878187223
  0.67160198495644752  0.68213115164546501  0.69316398978184879  0.70431142169956684
  0.71525176275544677  0.72587821911292572  0.73607245296363510  0.74621253162665657
  0.75657870604556143  0.76709523500514931  0.77741129697288713  0.78747877121435406
  0.79770539722729206  0.80848720083335612  0.81917539740859135  0.82962613986669254
  0.83984249684128209  0.84966915950226152  0.85960331722968319  0.86966323031313375
  0.88015488356766625  0.89063798845810827  0.90109537222543556  0.91157991010968964
  0.92224821596365736  0.93309276212860992  0.94398499966201666  0.95495516183615103
  0.96613491699271092  0.97770957865534436  0.98885933197405118  1.00000000000000000
  0.00152169144805413  0.00792584340102819  0.01439219197399763  0.02107498612022497
  0.02803257794990804  0.03504051736406766  0.04203272532301189  0.04903903786221375
  0.05605820540373787  0.06316883011795453  0.07043193971260173  0.07768188865479905
  0.08477599113096577  0.09174208793537957  0.09863999635112815  0.10556265988050340
  0.11249745494272026  0.11945807216742310  0.12661493277699354  0.13391877188884091
  0.14126759969074562  0.14863505863095378  0.15611665320388654  0.16365779422465432
  0.17138889269749880  0.17909996005151887  0.18674197734952697  0.19414394356770326
  0.20144543331735859  0.20880284713939629  0.21637597081309987  0.22408719233620222
  0.23188176124239673  0.23958702418379357  0.24730803079106786  0.25509644164508588
  0.26296409763536599  0.27088109423487017  0.27876288486076822  0.28661480832711761
  0.29449049841954394  0.30246697770692721  0.31055448136437758  0.31890207847471502
  0.32735073819533322  0.33579253940080600  0.34422366011658451  0.35271229318801639
  0.36137980307153672  0.37027482040210669  0.37905343120888807  0.38771656583697245
  0.39637731579559288  0.40503773573528534  0.41375927535958673  0.42263242500188725
  0.43159039556752804  0.44078146140122010  0.45022314321997348  0.45973989235588125
  0.46928115802609671  0.47883826784097577  0.48828311853231848  0.49766474894576784
  0.50709262520400400  0.51650946236997075  0.52592328721165826  0.53535252312467974
  0.54510960826038912  0.55519022639783089  0.56533454168396369  0.57548788577314658
  0.58586876902931939  0.59652811419132423  0.60726018571905405  0.61790929330096800
  0.62864557393897946  0.63970394593436464  0.65101719254560608  0.66260582413859626
  0.67450421088732049  0.68661983775215207  0.69927764712694562  0.71261542084616447
  0.72686708521619181  0.74150081168081938  0.75648600668073873  0.77182742160740747
  0.78730688012027195  0.80388515014579520  0.82151025714305359  0.84088551265130329
  0.86213883825469539  0.88430463198943787  0.91095520000666652  1.00000000000000000
 -0.02001729883759411  0.12701642983869532  0.17331048858185011  0.20285203364150914
  0.22742667300477920  0.24847081861052731  0.26725514310745274  0.28422290222403712
  0.29998383898952891  0.31445965075802185  0.32792213208845594  0.34084334989527348
  0.35349517146779136  0.36568767487356996  0.37720190094476186  0.38818967532986004
  0.39857441374444813  0.40857503657978478  0.41824357517574140  0.42768356694576898
  0.43697427780389381  0.44603099171219335  0.45485519796774809  0.46348219174744965
  0.47197071957074982  0.48030363310014007  0.48845690775959960  0.49647895840178968
  0.50429830132189157  0.51189851368502126  0.51938185637626888  0.52656242828502275
  0.53357433011732158  0.54052756303985217  0.54729368431222047  0.55398919809922342
  0.56055652478694840  0.56705073370593428  0.57346592766257876  0.57979112244103759
  0.58601360314980244  0.59215263872847435  0.59828181781090217  0.60444338862047753
  0.61063772625712132  0.61684917233048087  0.62297344990477321  0.62892496677848508
  0.63476161673242371  0.64049235060097209  0.64618690281074953  0.65192664166251801
  0.65764100570057071  0.66336788918570555  0.66897979576392530  0.67446015789454927
  0.67990328670687650  0.68532126820752604  0.69071174981607653  0.69610313033167481
  0.70149503762981436  0.70692370679205785  0.71226498286131601  0.71755688207807578
  0.72286248952543519  0.72817810736810085  0.73354360380627470  0.73896135656701856
  0.74435922620078843  0.74980890069115524  0.75526848999556828  0.76072991386094069
  0.76628226564670132  0.77179756663743115  0.77735971174241592  0.78293858986626141
  0.78854956064848880  0.79420129870222433  0.79985570770110304  0.80548332338267870
  0.81116832004759210  0.81708164719679799  0.82320707471153176  0.82948314798773415
  0.83599985649602515  0.84270044508559039  0.84959144576237289  0.85683586569040460
  0.86468181875217587  0.87286021328126207  0.88201396903375773  0.89218865943399983
  0.90423594936762930  0.91970467654499577  0.94341993595427653  1.00000000000000000
   1.2555781601737773E-003  -1.0000000000000000     
 T T T T F F F F F F F F T T T T T T T T F F F F F F F F T T T T
  <DiscreteSampler_grid>
  grouped_processes
  1 # 1 for a reference and 2 for a running grid.
  10 # Attribute 'min_bin_probing_points' of the grid.
  1 # Attribute 'grid_mode' of the grid. 1=='default',2=='initialization'
  0.0000000000000000 # Attribute 'small_contrib_threshold' of the grid.
  0.5000000000000000 # Attribute 'damping_power' of the grid.
 # binID   n_entries weight   weight_sqr   abs_weight
    10   10   2.546731571840698E+008   6.764847992813410E+016   2.546731571840698E+008
    11   10   2.546731571840698E+008   6.764847992813412E+016   2.546731571840698E+008
  </DiscreteSampler_grid>
