 -0.00130534551001515  0.01903194519527933  0.02528840659796373  0.03109147168857552
  0.03724100135539339  0.04354327938833533  0.04975032985499352  0.05605462081369018
  0.06231260923678946  0.06857984386149667  0.07498884658130581  0.08142563604927194
  0.08812871499915810  0.09473069899692875  0.10160087046260045  0.10837381316684003
  0.11516946960418817  0.12207352858301598  0.12899307954007530  0.13617563433081917
  0.14380922908743918  0.15149766528139919  0.15918683321448834  0.16703049878534776
  0.17482409695606782  0.18281231929997951  0.19125239886333809  0.19998929813657185
  0.20871846555521598  0.21740639929844860  0.22618434111936153  0.23507755641813857
  0.24404048290688235  0.25322563487776240  0.26273066890270375  0.27252437818545294
  0.28227979370534539  0.29190835278867389  0.30143628726885080  0.31152351159214381
  0.32196875240062139  0.33244703600542186  0.34291832378607273  0.35345687976943024
  0.36412288899440526  0.37511194124133124  0.38620095619172506  0.39718483185523373
  0.40817863191329512  0.41916422860707997  0.43030228699212020  0.44179526741165631
  0.45347344201911854  0.46518647759958054  0.47687456686251078  0.48863303704397015
  0.50037116706471008  0.51222160757217094  0.52438813149349572  0.53674524709793203
  0.54918444137381950  0.56174614417643909  0.57405125344003971  0.58619203617572402
  0.59831396856539543  0.61075801993510215  0.62349642453531129  0.63621667080424471
  0.64888871904938639  0.66159052721110190  0.67430082497298627  0.68695413815337547
  0.69923551811758033  0.71109843760667246  0.72376399273116354  0.73648345992701680
  0.74908147654170765  0.76155087484703721  0.77393496579544208  0.78626610278278408
  0.79852383784037484  0.81071849645434257  0.82303969417838063  0.83551546079454608
  0.84811061432994095  0.86066748372702051  0.87304231559892154  0.88538280325168262
  0.89780701948246133  0.91070737506109589  0.92388685760927458  0.93719025902970809
  0.95069227585319782  0.96573863435224439  0.98165208279922389  1.00000000000000000
 -0.00205063266727253  0.00920158345059652  0.01910331213597129  0.02931399051644389
  0.03955217364462861  0.04962092664837971  0.05959900757781131  0.06995855365038794
  0.08022804320185810  0.09044443344184074  0.10047383899210274  0.11079888702759667
  0.12149432584048762  0.13241231144869856  0.14340221415873527  0.15405343128880883
  0.16481310359704857  0.17524592911886497  0.18619613888674943  0.19726492039283619
  0.20840818284977736  0.21896437582361419  0.22964910812635794  0.24060883823494628
  0.25147709146757230  0.26146968294083223  0.27156647191519628  0.28166194799120575
  0.29206328825055849  0.30232338240265949  0.31260722369849270  0.32297841396662569
  0.33348608940705055  0.34418212361776912  0.35473137748428279  0.36513543794488151
  0.37553731456293332  0.38596229690663220  0.39643248700255906  0.40681700636683066
  0.41717890210037162  0.42758561918821580  0.43820911807600649  0.44913940018532089
  0.45984673829777412  0.47008084477943057  0.48030346394855084  0.49050592293584311
  0.50043989986192827  0.51020690285043457  0.52027397368079398  0.53092493338604996
  0.54177807414907175  0.55231722364831681  0.56276121624219266  0.57326228904844123
  0.58376207270855007  0.59453789094370701  0.60577923493943431  0.61725276411182595
  0.62884432322208861  0.63984038749804106  0.65101495143824295  0.66151303134125738
  0.67206225232611494  0.68260704979477227  0.69378655687777424  0.70493378682069407
  0.71601973057187274  0.72674871104857863  0.73706792261120391  0.74719673211566939
  0.75745489914104414  0.76797062374669101  0.77828247253903826  0.78834450637400466
  0.79855413300158606  0.80922177885320357  0.81980808767693181  0.83016982502380043
  0.84028698409431246  0.85008633867569638  0.85992484353361320  0.86989464860940657
  0.88029662528735064  0.89074535319702941  0.90120606561113414  0.91167533550313573
  0.92233807915293586  0.93313446322302129  0.94393835257868508  0.95483606545621491
  0.96595569003779225  0.97761505876686217  0.98879765095758665  1.00000000000000000
  0.00149889707776192  0.00817576367320708  0.01480934847037649  0.02173949231077639
  0.02880776580955112  0.03589385916679988  0.04291741806239961  0.04995761444458877
  0.05707903748602264  0.06436242691031359  0.07178524082677899  0.07910280881058521
  0.08622334067802176  0.09322428064622222  0.10016626333455657  0.10714211952160073
  0.11410967684128390  0.12119788789401929  0.12852211411797357  0.13596799742670582
  0.14337485070755052  0.15084010864649952  0.15838911606512876  0.16608561857356213
  0.17396252268207685  0.18181391151837162  0.18954403203598155  0.19704452025236330
  0.20448858600502065  0.21204304734188723  0.21975798411602082  0.22757929010204336
  0.23546643463034586  0.24331850096320556  0.25119180285893472  0.25915622503227814
  0.26717841769342565  0.27524938213659605  0.28321409708552631  0.29115419443107843
  0.29915962592674317  0.30730389512387246  0.31565597924255612  0.32425987564956854
  0.33277832388213041  0.34122929967065241  0.34976158094681037  0.35845778330707079
  0.36744422132987342  0.37652779112756946  0.38515882403999646  0.39384602625230758
  0.40245634383995138  0.41105810328852727  0.41983966630258523  0.42875011953957132
  0.43778641693973913  0.44725408615039025  0.45682167864284817  0.46646419008751572
  0.47616692274496358  0.48581055500687259  0.49527417104738380  0.50477869120979268
  0.51402634371633316  0.52338305000610452  0.53266066281833480  0.54232854527193042
  0.55243227043774101  0.56254865828513279  0.57259135095742753  0.58295035269922202
  0.59358965950887976  0.60434790271930039  0.61504863558226330  0.62590904501788502
  0.63710902943155168  0.64849398645239642  0.66003070757459625  0.67229246551688693
  0.68451300428805306  0.69710743783049933  0.71012178900348366  0.72463647837007938
  0.73961618396222018  0.75474579566836275  0.77042963699728939  0.78559475768098808
  0.80221688076717879  0.81953734962108249  0.83884488309180727  0.86009099564321856
  0.88267040581655243  0.90917535199726507  0.94416995259855008  1.00000000000000000
 -0.02148291996088101  0.13978533609117486  0.18994917190424845  0.22401624849568724
  0.25207909677679924  0.27605109646850695  0.29692808788094938  0.31598991637219531
  0.33344301821525740  0.34968289141698572  0.36487380060928837  0.37935922063426308
  0.39298469110576778  0.40549861580960045  0.41722720295578064  0.42851674827607839
  0.43940178368019833  0.44981895919801312  0.45991011771458118  0.46983172429813397
  0.47941279692263011  0.48857572429947682  0.49744659912635342  0.50607261519740665
  0.51452383783517597  0.52260562504336705  0.53034978700090529  0.53794769214718197
  0.54535210026513425  0.55252638600365112  0.55952270407325799  0.56638644121813875
  0.57317995949721168  0.57990440310555436  0.58644746976960094  0.59277193706255094
  0.59894898453697765  0.60506362548963333  0.61116949072480620  0.61721152457066653
  0.62320692508342923  0.62914841500251828  0.63498428740431656  0.64081848305748479
  0.64659842465334172  0.65228944153404889  0.65787691985726304  0.66333709735422564
  0.66863536370477361  0.67379537233891851  0.67890233506020115  0.68402630436860479
  0.68919045632915277  0.69433017533986763  0.69936682422967400  0.70437245027362116
  0.70931438692676974  0.71422920591659644  0.71913912343421826  0.72404760169163418
  0.72896747785895233  0.73390739039592212  0.73880845642761306  0.74369655810608093
  0.74854463605754185  0.75338648421023136  0.75820957348373286  0.76304164995604229
  0.76791929195156428  0.77284758013455745  0.77781519328949777  0.78281132070084003
  0.78778941327008600  0.79275037528458459  0.79770609963239913  0.80265445281404990
  0.80768394665337984  0.81274025837833586  0.81781435487491716  0.82292669406774788
  0.82810115774333459  0.83339957729380898  0.83890314647925079  0.84458037789893703
  0.85039067645113631  0.85642931200099526  0.86275779469413705  0.86934636369006557
  0.87635023719266836  0.88396751524668005  0.89213310809065027  0.90139683936809090
  0.91236836438367486  0.92647761085585423  0.94830624958211907  1.00000000000000000
   6.9575717465249296E-004  -1.0000000000000000     
 T T T T F F F F F F F F T T T T T T T T F F F F F F F F T T T T
  <DiscreteSampler_grid>
  grouped_processes
  1 # 1 for a reference and 2 for a running grid.
  10 # Attribute 'min_bin_probing_points' of the grid.
  1 # Attribute 'grid_mode' of the grid. 1=='default',2=='initialization'
  0.0000000000000000 # Attribute 'small_contrib_threshold' of the grid.
  0.5000000000000000 # Attribute 'damping_power' of the grid.
 # binID   n_entries weight   weight_sqr   abs_weight
    10   10   2.546731572054231E+008   6.764847993746498E+016   2.546731572054231E+008
    11   10   2.546731572054231E+008   6.764847993746498E+016   2.546731572054231E+008
  </DiscreteSampler_grid>
