 -0.00124328675404973  0.02200391816332428  0.03006820595596000  0.03794326170894579
  0.04484370617095795  0.05196822162212958  0.05876791356436314  0.06542938009561945
  0.07229120267070059  0.07915354849302499  0.08627371450497533  0.09322947357288151
  0.10031284379537236  0.10741937947134854  0.11464817504868027  0.12206156045220630
  0.12964606155364511  0.13742135715901746  0.14537417246518636  0.15344523062257187
  0.16156819407387735  0.16968399432382542  0.17753955562402574  0.18539319166683149
  0.19346980061907562  0.20175033955128951  0.21006932378508966  0.21836592993604559
  0.22687745219261629  0.23528843843102409  0.24375529920677569  0.25219791459882673
  0.26094700750576094  0.27004658898447709  0.27933181572450699  0.28857965032647992
  0.29773965332980545  0.30681155844250235  0.31620141856780493  0.32566311787921531
  0.33509496539193595  0.34461576272967631  0.35412705230542618  0.36361467992320873
  0.37373404980410618  0.38374303798647524  0.39378109173553560  0.40375806485251869
  0.41374524965758208  0.42378758279927881  0.43382053275831733  0.44419530552836212
  0.45462061267086623  0.46508573307430207  0.47549707517024487  0.48588500940572821
  0.49617003223728345  0.50666689380795138  0.51751972700860382  0.52859640138496911
  0.53961423868191605  0.55051520563203171  0.56148193164861715  0.57249802203117395
  0.58348202693738271  0.59440433833071893  0.60542254003609075  0.61670750859588619
  0.62819467302026244  0.63968383089301695  0.65111931493817876  0.66248334411753285
  0.67369075027296532  0.68500347060920985  0.69628291102248019  0.70739960249207723
  0.71945860708235032  0.73179371052525810  0.74410076114577028  0.75637417928304607
  0.76845229084504330  0.78064519776345087  0.79269312767850708  0.80467131322481000
  0.81661772619798123  0.82868250507866326  0.84096982257189412  0.85366632870694048
  0.86777726016356960  0.88150321367545548  0.89486740817057575  0.90836013995539910
  0.92139793386479341  0.93238304905943670  0.96201388861974690  1.00000000000000000
 -0.00234125582787001  0.00960131277378566  0.01963439500612239  0.02976578188440557
  0.04008957224425502  0.05013851461224439  0.06014394667123159  0.07055223553435014
  0.08105237695201110  0.09156839747517893  0.10246121771188665  0.11336967247232856
  0.12435365030776144  0.13470254883092814  0.14508287799964831  0.15534793090325205
  0.16590273690094146  0.17640980018827918  0.18677518615382266  0.19695393582591397
  0.20706030456174940  0.21747677553746153  0.22793672215552774  0.23848842462888531
  0.24912734971419775  0.25980533892395724  0.27043968081829572  0.28088540641019411
  0.29151177260004962  0.30248310155230035  0.31348451668065391  0.32428813669124168
  0.33499490808231924  0.34566648792069582  0.35625796221434414  0.36673494177908861
  0.37722129755243222  0.38794946255115281  0.39886776367016541  0.40955989522868191
  0.41994993555301868  0.43035886322666156  0.44113621228363376  0.45234838901637653
  0.46347261535307610  0.47448929747018909  0.48490717462927035  0.49495040820043001
  0.50479844549916197  0.51488973969049023  0.52481445747682598  0.53458558653154431
  0.54426601908178041  0.55436533658328502  0.56453410968988116  0.57477820065613561
  0.58497411192636339  0.59520634096908975  0.60569342143775440  0.61613026464068299
  0.62643812063764304  0.63663979270663285  0.64700535465948483  0.65754081185627267
  0.66816938531301595  0.67887561813484520  0.68948109729171614  0.69980497529685093
  0.70996454480139382  0.72017545725859033  0.73048764531542332  0.74090096276278961
  0.75140831068897296  0.76203158455185604  0.77296934478975721  0.78417534398608690
  0.79528172498885097  0.80605711301068705  0.81682691442926325  0.82790282641850643
  0.83894108366030518  0.84958590108124232  0.85994982497078953  0.87020436316942051
  0.88063512124184840  0.89125540515929913  0.90164726599439315  0.91198776431383921
  0.92245861315372613  0.93326116263349290  0.94452391072375264  0.95585637014813019
  0.96739050141826011  0.97852322750700005  0.98940689724669562  1.00000000000000000
  0.00382418660623616  0.00831277544068086  0.01398881232624753  0.01988327793962858
  0.02596488047575060  0.03245041043858129  0.03899053798924699  0.04535841146856432
  0.05168069616706963  0.05817275494053847  0.06480020866028320  0.07146924962285191
  0.07803682435809632  0.08481416794399084  0.09177516381297957  0.09888358927671410
  0.10596435694506051  0.11276196155792108  0.11942983354804444  0.12606287161371213
  0.13279322347022682  0.13960633681058301  0.14643056891216960  0.15324497678732860
  0.15996286218107247  0.16668704600584994  0.17361829111081803  0.18072480305297448
  0.18779883112832688  0.19471058576857711  0.20159181790552264  0.20864548669562211
  0.21589425208777643  0.22323019615842157  0.23061368433382981  0.23811852148839624
  0.24570072045217542  0.25341352844193910  0.26129688731933681  0.26916315151830977
  0.27702897547870708  0.28490139122844099  0.29285248419169557  0.30087446844144367
  0.30896539528969102  0.31707880296256380  0.32515126814382173  0.33310394498431500
  0.34103619136356844  0.34905225392890793  0.35719925288699561  0.36549839283026508
  0.37392488331594864  0.38251429954931565  0.39123463719246909  0.39993477976635405
  0.40863029661344663  0.41740215742221171  0.42637355279301492  0.43546218867067599
  0.44467387627868160  0.45394881698173878  0.46329123132716149  0.47273235867347352
  0.48223471687715669  0.49203899720362554  0.50213166234625217  0.51247122492557051
  0.52277174808310067  0.53257650049643990  0.54234071317352617  0.55208913981168173
  0.56210496269725463  0.57237539910429536  0.58314910259266584  0.59447106623712331
  0.60613729388667603  0.61789759522738597  0.63026847343089121  0.64303756113816823
  0.65605550842673377  0.66955439674408190  0.68360731318378076  0.69776511625321369
  0.71203577458738232  0.72666124381060004  0.74164585646838577  0.75787595975712074
  0.77564493777375954  0.79418490662821428  0.81364419429865986  0.83308833052658393
  0.85395810528075478  0.88055054836741475  0.92009396275374999  1.00000000000000000
 -0.01451013422849084  0.09060090369653188  0.12848217183150804  0.15228588674168742
  0.17141358232174064  0.18764892008983311  0.20189720319011303  0.21471238255219938
  0.22651891466180102  0.23745007967329715  0.24776545538219064  0.25747193658466921
  0.26687171264567394  0.27569762884220228  0.28414959839902781  0.29245185699324960
  0.30060492278621165  0.30854171681902542  0.31626719216862409  0.32380170554624033
  0.33126084624277768  0.33857021444177771  0.34577322794072457  0.35286486576520837
  0.35975904617025750  0.36648664962976479  0.37317396650317697  0.37934269683353528
  0.38531424007821702  0.39122070568447403  0.39709657894795780  0.40297595315000073
  0.40881617196076564  0.41462088932745017  0.42045918045444058  0.42634491482948844
  0.43217271568267468  0.43800003375248242  0.44396603206074692  0.44993158922702625
  0.45584077646108517  0.46176164183043095  0.46759104108029315  0.47343793871425144
  0.47918173529198310  0.48484165141867702  0.49052188480821923  0.49621400435062307
  0.50188005151943316  0.50743243644874092  0.51308480530761902  0.51860789015613706
  0.52433026396387350  0.53002181882221300  0.53569573100905155  0.54137411626066745
  0.54705347635622048  0.55272815881285464  0.55838296815296407  0.56407580045815964
  0.56995909498784125  0.57589883935580821  0.58191254040116913  0.58808031462831645
  0.59438231596017699  0.60072069586437460  0.60713223521046833  0.61351672937246782
  0.61991526455312940  0.62639410770302095  0.63299868952736849  0.63972378672031993
  0.64656560454772793  0.65351630018947893  0.66052888815847910  0.66779055979143753
  0.67557334010618064  0.68350375141709807  0.69152320639009512  0.69973514885179244
  0.70818266407646158  0.71697341071710508  0.72606551169027100  0.73546541546117727
  0.74521277258393481  0.75531785726800327  0.76595065962454090  0.77705412122410666
  0.78883384292437941  0.80160242964606732  0.81557667190228900  0.83154303397351104
  0.85081433054410804  0.87462631351366671  0.91211789939132382  1.00000000000000000
   5.9454342041738530E-005  -1.0000000000000000     
 T T T T T F F T T F F T T T T T T T T T T F F T T F F T T T T T
  <DiscreteSampler_grid>
  grouped_processes
  1 # 1 for a reference and 2 for a running grid.
  10 # Attribute 'min_bin_probing_points' of the grid.
  1 # Attribute 'grid_mode' of the grid. 1=='default',2=='initialization'
  0.0000000000000000 # Attribute 'small_contrib_threshold' of the grid.
  0.5000000000000000 # Attribute 'damping_power' of the grid.
 # binID   n_entries weight   weight_sqr   abs_weight
    10   10   2.668439739399850E+008   7.451470063463643E+016   2.668439739399850E+008
    11   10   2.668439739399850E+008   7.451470063463643E+016   2.668439739399850E+008
  </DiscreteSampler_grid>
