 -0.00111077230779801  0.02517828847125292  0.03081568968478922  0.03658642834996607
  0.04231908816982138  0.04814085983877103  0.05422482324653866  0.06061862761081441
  0.06758059770335705  0.07447982768288398  0.08139564136545099  0.08862351194314243
  0.09560380829645297  0.10301510783521670  0.11013265438916943  0.11740119953415619
  0.12465379602712486  0.13193310021761945  0.13951111644517228  0.14707441729900250
  0.15470284709597013  0.16261889268202040  0.17088626603686127  0.17923214789792910
  0.18749825985666474  0.19584304719353773  0.20412785359237032  0.21251018172285865
  0.22117539122748647  0.23012310063664099  0.23919978058386449  0.24831500596384753
  0.25749295325703597  0.26685209963602785  0.27627962148597840  0.28574836051528357
  0.29524492699299471  0.30475494417010157  0.31463202086265674  0.32471374256925156
  0.33485408391123883  0.34507788445172466  0.35534343813317421  0.36568008277617703
  0.37615731086169624  0.38675320540852953  0.39746928966505080  0.40833705098430789
  0.41936351731272836  0.43062620291418574  0.44212227385265013  0.45378648842372765
  0.46529600869470500  0.47675738812238949  0.48831764165758673  0.49987402072538767
  0.51168713159076995  0.52384677517883360  0.53596687349948602  0.54797797539197657
  0.55990850286088190  0.57177505435152420  0.58363548254085251  0.59537598155427518
  0.60748015509050346  0.61985857048855375  0.63220539784630470  0.64449941660154908
  0.65670934395434943  0.66885000046383603  0.68084437208522319  0.69260915770877662
  0.70439510708344610  0.71647300382541790  0.72905734159017044  0.74185790359707693
  0.75461365518228185  0.76730972483433735  0.77999080078145266  0.79232581772636013
  0.80472449708120442  0.81709210438398738  0.82932427940001663  0.84168986412026925
  0.85470152186738135  0.86763303103744016  0.88033007047342282  0.89299199420406850
  0.90572355220694234  0.91858300941786275  0.93156921673487170  0.94423228744758059
  0.95731057031322386  0.97107239485937613  0.98544955463626849  1.00000000000000000
 -0.00285786926378955  0.01059402087939940  0.02205750748352691  0.03340564926693926
  0.04417856865618383  0.05459539398253611  0.06473617599362086  0.07482931847362556
  0.08498816204457937  0.09514988385047686  0.10553447084540551  0.11621049603225889
  0.12689689162100118  0.13738732862301906  0.14778628160331214  0.15810348557390519
  0.16867839411271704  0.17940755106681380  0.18992263457469594  0.20017164047305561
  0.21035570641990564  0.22080213221521869  0.23109444688377739  0.24094298894385588
  0.25058390946254788  0.26047292418116041  0.27048936410202690  0.28068744072186447
  0.29059732019142570  0.30110185643107396  0.31155536423462038  0.32214457477537140
  0.33276597314302120  0.34364379072518703  0.35465248196851890  0.36551024628001622
  0.37617619220926934  0.38684368349763298  0.39754712410353338  0.40782889332023908
  0.41792661829544253  0.42790819933658419  0.43787634002558551  0.44748850039356847
  0.45734662010337929  0.46736626011491728  0.47735275611553257  0.48726290811977940
  0.49728858939087595  0.50767478216725659  0.51809354205724312  0.52862004266982587
  0.53936606926257169  0.55020832676032494  0.56129269102274348  0.57245752145897577
  0.58339392069680329  0.59367830632841634  0.60365827697209551  0.61397042655061118
  0.62449508382646512  0.63527890779744134  0.64602874719513359  0.65697781218849949
  0.66770506155609821  0.67841025323280468  0.68900970377620441  0.70009066358949468
  0.71148863699009479  0.72287898766845171  0.73381876303252713  0.74426140954890507
  0.75486944996428917  0.76539306764429893  0.77587873878197844  0.78626972909769788
  0.79675071803590458  0.80726614482574999  0.81783606680013643  0.82860756850265449
  0.83922482997159731  0.84983065385400591  0.86040261499019277  0.87129458042344310
  0.88209107707172085  0.89276404720275215  0.90373423016698995  0.91480377222144849
  0.92533289716213740  0.93610407725462796  0.94656641541806208  0.95720030546399748
  0.96779775488825770  0.97849436919269994  0.98932005824619573  1.00000000000000000
  0.00079641022227519  0.00630011731211935  0.01264124679899054  0.01923544290612232
  0.02586611487788123  0.03259620282535209  0.03942072325659219  0.04641899510905471
  0.05338933102022633  0.06028247787929403  0.06719976699848243  0.07422165234972283
  0.08122351881739910  0.08816274036328248  0.09512517057998540  0.10213413420809239
  0.10923733132913192  0.11639801632295521  0.12343660600798857  0.13072642250136648
  0.13827446335206459  0.14577551572406755  0.15369870224705343  0.16152343530439436
  0.16937486683674488  0.17733114445530357  0.18525711044194479  0.19307857295387698
  0.20090474025819319  0.20888089112787658  0.21701422149305183  0.22514289712337338
  0.23314082106758724  0.24103184259665220  0.24899228717404684  0.25694463978210186
  0.26486232181398478  0.27288306659511491  0.28098966212363685  0.28922376380941478
  0.29753560999275447  0.30591012800939327  0.31441625356505448  0.32293007627850712
  0.33146182420915632  0.34018716012435329  0.34917820705820635  0.35831781586391626
  0.36733145970533065  0.37626660852506527  0.38525328155223731  0.39441824973501327
  0.40353649540119446  0.41268940180344271  0.42213494388198441  0.43180019542622133
  0.44148245262005847  0.45116714624013415  0.46081071219742487  0.47023578609038036
  0.47942549210116325  0.48853928073078123  0.49775110692692148  0.50704259571313870
  0.51625614597500102  0.52557277730995222  0.53495363023614650  0.54452908252374299
  0.55427594841033223  0.56440592879782436  0.57498111718356493  0.58578067246658583
  0.59686159035969233  0.60825606000493260  0.61983812469966348  0.63131352740972113
  0.64302046454566508  0.65542440582565464  0.66822939544551152  0.68152452287160337
  0.69483732282745636  0.70862794485600178  0.72215953647991082  0.73537092378094371
  0.74835363319019188  0.76131743509592176  0.77519253352149808  0.79046858964859645
  0.80610272517461401  0.82330331074222118  0.84181513588742485  0.86172104100748836
  0.88528510984771425  0.91317704297965296  0.94790495052714163  1.00000000000000000
 -0.01924209007656095  0.12733312612699321  0.17392791757893031  0.20309553027878510
  0.22629216794398391  0.24564004195757566  0.26247219721523862  0.27788657116425552
  0.29223383913220263  0.30561296920764097  0.31816676206460093  0.33014867234529710
  0.34165819492891142  0.35255753080726365  0.36280134107982698  0.37271715062654093
  0.38246393389404854  0.39198066871416115  0.40101599972914131  0.40976340635975955
  0.41836493528036589  0.42680360288997699  0.43507215598489779  0.44304264931439530
  0.45081315408267592  0.45860405751108013  0.46634291760288227  0.47405378836521728
  0.48159855663291473  0.48895805174532603  0.49619883675475912  0.50326698286796379
  0.51018382017269170  0.51707613254509022  0.52384362285422370  0.53049711098269536
  0.53704763724310489  0.54343685151959442  0.54971022167479844  0.55596054092766412
  0.56220634520252144  0.56841335002542848  0.57459857525940583  0.58072689377787068
  0.58685189563249029  0.59291691208598873  0.59897529201684185  0.60486869781460384
  0.61063812001799767  0.61631885995535152  0.62194114061586880  0.62757711208145039
  0.63320322868624290  0.63882170700996321  0.64440625123332129  0.64986156719660415
  0.65531165473030129  0.66077625443437960  0.66624638800047398  0.67163499616076094
  0.67692799422836836  0.68210747823308737  0.68733602010913286  0.69263373196444977
  0.69797081141579620  0.70330362092434362  0.70863571585520913  0.71400893085349515
  0.71942233549118728  0.72488685225321448  0.73045372291575339  0.73616309266356361
  0.74190282311677413  0.74762704132142199  0.75334839306363144  0.75910427138464087
  0.76488750697729602  0.77079188712648117  0.77690302176863102  0.78305736239602253
  0.78935449410863989  0.79574061523592332  0.80224100459069547  0.80892808308682274
  0.81583316741657452  0.82313801538163522  0.83068011386344864  0.83875556449426814
  0.84727271947252858  0.85638129029355747  0.86637119520843087  0.87768572853415128
  0.89101029134038745  0.90821440233543804  0.93480850147160122  1.00000000000000000
   4.4651571237586937E-004  -1.0000000000000000     
 T T T T F F F F F F F F T T T T T T T T F F F F F F F F T T T T
  <DiscreteSampler_grid>
  grouped_processes
  1 # 1 for a reference and 2 for a running grid.
  10 # Attribute 'min_bin_probing_points' of the grid.
  1 # Attribute 'grid_mode' of the grid. 1=='default',2=='initialization'
  0.0000000000000000 # Attribute 'small_contrib_threshold' of the grid.
  0.5000000000000000 # Attribute 'damping_power' of the grid.
 # binID   n_entries weight   weight_sqr   abs_weight
    10   10   2.256732600256516E+008   5.219841728377282E+016   2.256732600256516E+008
    11   10   2.256732600256516E+008   5.219841728377282E+016   2.256732600256516E+008
  </DiscreteSampler_grid>
