  0.00013617944159647  0.00014002678840805  0.00014362405352378  0.00014668335166035
  0.00014958819598396  0.00015245452766807  0.00015528418572902  0.00015808246410712
  0.00016083103037332  0.00016351242866015  0.00016627153110795  0.00016905978280130
  0.00017185501069936  0.00017468753402935  0.00017755608978892  0.00018045562776061
  0.00018340518811159  0.00018642859886117  0.00018951623472327  0.00019259676006308
  0.00019574496315575  0.00019896100657876  0.00020230650158502  0.00020587579165942
  0.00020951924860498  0.00021313363745882  0.00021680371765463  0.00022051314560393
  0.00022432342955839  0.00022849737385153  0.00023269515358267  0.00023692451664435
  0.00024119460225548  0.00024551618570996  0.00025008935235255  0.00025499535366129
  0.00026001038300413  0.00026506688637839  0.00027020046858869  0.00027540077459127
  0.00028106755004710  0.00028688042937791  0.00029278251611549  0.00029881094053225
  0.00030505097549017  0.00031159580139123  0.00031843705684384  0.00032544879625111
  0.00033266163246717  0.00034036718177792  0.00034864168160397  0.00035707520134249
  0.00036549825388585  0.00037405962717052  0.00038318690056911  0.00039271556693345
  0.00040245961602724  0.00041270162531543  0.00042379161702749  0.00043554351007856
  0.00044752431930165  0.00045992867475261  0.00047329653685820  0.00048739511930397
  0.00050169286550163  0.00051676564054721  0.00053307946468394  0.00055033863031522
  0.00056842261318438  0.00058763465643033  0.00060784373376145  0.00062794178692259
  0.00065019328885282  0.00067371535155149  0.00069884229586881  0.00072547048895311
  0.00075300510700259  0.00078140948971989  0.00081338789107296  0.00084660030289772
  0.00088320545410554  0.00092287374746088  0.00096599293825932  0.00101597385409897
  0.00107037936463071  0.00113701834839246  0.00123000542715819  0.00133787483457944
  0.00144672627137344  0.00156539036020634  0.00169856875052344  0.00201803779823001
  0.00238268795187128  0.00289326700232319  0.00381855330157617  1.00000000000000000
 -0.00171051083145809  0.00983166642913687  0.02019439594818917  0.03074031304784530
  0.04136783492460897  0.05174114284268724  0.06213422549768093  0.07265503175998882
  0.08323673279467425  0.09364543466326455  0.10405675834534273  0.11467303941113208
  0.12544195846353348  0.13603777493241559  0.14656106158718699  0.15734765510350646
  0.16834240798843536  0.17910850406601062  0.18953688977000147  0.19973569244600456
  0.21008879543914305  0.22049398058354144  0.23108728303964077  0.24186177808749607
  0.25272188536367002  0.26345116705662225  0.27397963712630957  0.28460792923079603
  0.29539839188440742  0.30611741330613429  0.31663964669482808  0.32694631024247495
  0.33737640318948231  0.34798240396854002  0.35876047329829325  0.36957371686956980
  0.38021590375905373  0.39067425368463871  0.40104595834329138  0.41134717044170116
  0.42182788351948308  0.43247466924639399  0.44362275366019799  0.45492186563540810
  0.46571924971735978  0.47649974621827312  0.48721604603077867  0.49820399564997503
  0.50881269495628523  0.51933129885423279  0.52979542758361464  0.54026731225504976
  0.55060081169345354  0.56074582525563965  0.57124003832242354  0.58190941461343493
  0.59259012525524579  0.60322073430652789  0.61330964543858546  0.62342782238520833
  0.63355294671537365  0.64385039790876841  0.65408260795804174  0.66416750068832531
  0.67448924528843135  0.68476124206636879  0.69509737827513451  0.70538956282920251
  0.71617969928659175  0.72686693776344113  0.73783131449744199  0.74904668989375778
  0.76032647341355974  0.77116249309539520  0.78159974223728279  0.79209277428508351
  0.80295026611254017  0.81379676870046203  0.82424705356874972  0.83455133811690208
  0.84503812398766964  0.85547203456258647  0.86604479577145033  0.87655215285383725
  0.88722761158196173  0.89801389154619415  0.90858444446591402  0.91888861652508136
  0.92889824886004946  0.93901636104856989  0.94927685165892028  0.95943904126294755
  0.96963471922921940  0.97965637260301341  0.98979876658755472  1.00000000000000000
  0.00257390210348621  0.01282413986824684  0.02128244461319603  0.03087693454026640
  0.04029348959178941  0.04989855347673113  0.05967955474467251  0.06939007234936453
  0.07934659285599177  0.08911805205171135  0.09898723597758106  0.10872084021473132
  0.11840939307468246  0.12819872125671050  0.13812419268433476  0.14791752297664007
  0.15752004433679601  0.16698294190408453  0.17644955938100182  0.18597890876616613
  0.19542425858339543  0.20473528633689067  0.21396009238584454  0.22320636776521852
  0.23252818426198762  0.24194024391120567  0.25141324385038999  0.26094352880503069
  0.27050101376393026  0.28006778984488423  0.28960326527832386  0.29903830061868619
  0.30845823106390996  0.31795684137788954  0.32746756278527350  0.33713289683381975
  0.34690458326526941  0.35653402842807730  0.36588854296372564  0.37511975260294256
  0.38448862631571112  0.39401196947302980  0.40358522597855290  0.41309720691001045
  0.42251830140972568  0.43178103498045861  0.44087543372899890  0.45001227509794534
  0.45916538476683516  0.46820519675375549  0.47700123354120971  0.48572278716912626
  0.49454424951862619  0.50342249562376729  0.51240053470133473  0.52144754613230615
  0.53064486271959699  0.53997679465538717  0.54925499524591426  0.55832085885228833
  0.56717995536055865  0.57604761077739319  0.58505268911897712  0.59402455593274306
  0.60285764912981654  0.61148808758474960  0.61996415037123676  0.62840535131210262
  0.63682960409372624  0.64538290642702545  0.65429696830709960  0.66365550860974643
  0.67321279249495247  0.68265554001507045  0.69213687806677859  0.70169963308661987
  0.71151391352640581  0.72162072729465421  0.73196248277798592  0.74300789436472381
  0.75395966744565324  0.76459800669916411  0.77529122375514026  0.78573017274160839
  0.79644985857779182  0.80713937595546381  0.81807645518748662  0.82962309145669744
  0.84206465395090802  0.85542264950140123  0.86940975033102541  0.88499289214908150
  0.90206437827146635  0.92236540229464936  0.95052656678023806  1.00000000000000000
 -0.01863209595979123  0.10617207149583972  0.14136696168753432  0.16330054469149624
  0.18109474707444373  0.19612714063069067  0.20941155576221523  0.22165953585358245
  0.23297787034612735  0.24350592453227507  0.25337651218212331  0.26277926251624473
  0.27177116149069847  0.28032997724061637  0.28872250440765568  0.29692173115174214
  0.30494702145948843  0.31274226864593091  0.32019055665970331  0.32744113918584739
  0.33454753269111503  0.34144928262656760  0.34820812499028525  0.35484522510076177
  0.36135287782829145  0.36778911790382007  0.37416690237319994  0.38044392822420259
  0.38665178322637217  0.39284641331371539  0.39895890218789981  0.40490665631070433
  0.41080797574132327  0.41668276695574169  0.42253870532163035  0.42836989577452084
  0.43418294496416937  0.43998456496458604  0.44581664741565219  0.45167738006021002
  0.45747642434596453  0.46322068005617156  0.46894320124880629  0.47465221161336196
  0.48033032296267597  0.48595849143881098  0.49158260869748727  0.49722996283785087
  0.50292014893044801  0.50862111836450885  0.51432089492273969  0.51999013333753852
  0.52564911535096503  0.53129679242239913  0.53694456100964250  0.54263804340860333
  0.54841158297848380  0.55425753396578392  0.56016893286908387  0.56607764092741930
  0.57197702132394090  0.57784850782642372  0.58375101612420421  0.58967231692465427
  0.59564145070958063  0.60162535148675012  0.60767676716383978  0.61381711798380567
  0.62002696702223625  0.62632462712623549  0.63268333046645375  0.63905945654594087
  0.64553129209148885  0.65215667799545118  0.65891482494725639  0.66573291036370097
  0.67279699920298131  0.68007593470186922  0.68769579559082139  0.69561485237481380
  0.70361407505221207  0.71165430309935418  0.71991450120723588  0.72850090324091699
  0.73759299732735806  0.74706595864795289  0.75715259861281914  0.76776432933679395
  0.77907342387517209  0.79123195961436976  0.80449667825279747  0.81931082330438543
  0.83661617027609447  0.85832235227142151  0.89398543605925673  1.00000000000000000
   1.3217446747858514E-002  -1.0000000000000000     
 F T F F T T T T T T T T F F T F F F F F F F F F F F F F F F F F
  <DiscreteSampler_grid>
  grouped_processes
  1 # 1 for a reference and 2 for a running grid.
  10 # Attribute 'min_bin_probing_points' of the grid.
  1 # Attribute 'grid_mode' of the grid. 1=='default',2=='initialization'
  0.0000000000000000 # Attribute 'small_contrib_threshold' of the grid.
  0.5000000000000000 # Attribute 'damping_power' of the grid.
 # binID   n_entries weight   weight_sqr   abs_weight
    10   10   2.325054752488977E+008   1.493476622698335E+017   2.325054752488977E+008
    16   10   2.346171902579555E+008   1.496336908149322E+017   2.346171902579555E+008
  </DiscreteSampler_grid>
